100 66
9729 2455
19358 5913
28987 9917
38616 14173
48245 21691
57874 28867
67503 37327
77132 48587
86761 61022
96390 71298
106019 81816
115648 95391
125277 113095
134906 134287
144535 154182
154164 184183
163793 193872
173422 216133
183051 236375
192680 265477
202309 286270
211938 339899
221567 349788
231196 391233
240825 444639
250454 480045
260083 528960
269712 570709
279341 621207
288970 672679
298599 722433
308228 776715
317857 817753
327486 901600
337115 970420
346744 1027659
356373 1104824
366002 1150131
375631 1230223
385260 1286551
394889 1357152
404518 1429262
414147 1520091
423776 1610259
433405 1709676
443034 1804408
452663 1907473
462292 2011621
471921 2099031
481550 2192796
491179 2303653
500808 2394896
510437 2505096
520066 2640883
529695 2744694
539324 2852890
548953 2963980
558582 3234784
568211 3254506
577840 3341809
587469 3588181
597098 3627478
606727 3719868
616356 3891134
625985 4073954
635614 4209174
645243 4343326
654872 4504067
664501 4652333
674130 4845975
683759 4868799
693388 5092165
703017 5223092
712646 5270811
722275 5392587
731904 5569446
741533 5781036
751162 5947095
760791 6113531
770420 6298015
780049 6372760
789678 6531485
799307 6702913
808936 6898191
818565 7060634
828194 7258891
837823 7501189
847452 7758528
857081 8014327
866710 8336440
876339 8263840
885968 8396962
895597 8499907
905226 8667024
914855 8877795
924484 9068344
934113 9243303
943742 9488052
953371 9686594
