100 40
200 48
300 68
400 89
500 108
600 131
700 153
800 179
900 193
1000 217
1100 236
1200 259
1300 281
1400 307
1500 328
1600 346
1700 375
1800 439
1900 442
2000 453
2100 469
2200 485
2300 504
2400 524
2500 550
2600 579
2700 604
2800 637
2900 654
3000 694
3100 714
3200 718
3300 734
3400 755
3500 784
3600 799
3700 850
3800 871
3900 912
4000 893
4100 915
4200 935
4300 959
4400 989
4500 1034
4600 1038
4700 1055
4800 1070
4900 1116
5000 1173
5100 1162
5200 1199
5300 1235
5400 1281
5500 1312
5600 1299
5700 1325
5800 1363
5900 1390
6000 1422
6100 1416
6200 1468
6300 1497
6400 1556
6500 1545
6600 1558
6700 1598
6800 1616
6900 1632
7000 1676
7100 1720
7200 1702
7300 1741
7400 1792
7500 1804
7600 1813
7700 1878
7800 1887
7900 1893
8000 1929
8100 1998
8200 1983
8300 2019
8400 2094
8500 2059
8600 2144
8700 2160
8800 2142
8900 2188
9000 2242
9100 2226
9200 2272
9300 2315
9400 2319
9500 2349
9600 2403
9700 2406
9800 2430
9900 2462
10000 2475
