100 41
5100 1167
10100 2505
15100 4102
20100 5909
25100 7893
30100 9795
35100 12160
40100 16005
45100 18583
50100 21518
55100 25466
60100 29742
65100 35646
70100 40487
75100 45405
80100 50877
85100 57566
90100 64132
95100 70787
100100 73259
105100 80070
110100 85989
115100 95144
120100 104667
125100 113768
130100 124862
135100 131937
140100 143976
145100 151572
150100 164208
155100 172305
160100 182630
165100 192113
170100 211328
175100 223715
180100 236072
185100 231866
190100 249590
195100 262338
200100 275958
205100 299476
210100 336262
215100 330914
220100 369723
225100 363688
230100 408252
235100 412368
240100 445544
245100 458379
250100 485837
255100 509736
260100 529243
265100 539997
270100 574061
275100 603403
280100 623136
285100 640710
290100 686739
295100 710345
300100 742065
305100 767745
310100 801493
315100 834541
320100 853389
325100 864381
330100 915653
335100 929113
340100 981064
345100 990552
350100 1038066
355100 1059159
360100 1110712
365100 1142126
370100 1190131
375100 1195386
380100 1259707
385100 1269983
390100 1322365
395100 1353296
400100 1431047
405100 1471903
410100 1489976
415100 1528055
420100 1591113
425100 1631222
430100 1681402
435100 1736180
440100 1795154
445100 1826498
450100 1871725
455100 1905904
460100 1958886
465100 2016504
470100 2080639
475100 2125350
480100 2175293
485100 2220050
490100 2297972
495100 2362430
