100 0
1100 0
2100 0
3100 0
4100 0
5100 1
6100 1
7100 60
8100 9
9100 4
10100 3
11100 3
12100 4
13100 4
14100 5
15100 5
16100 5
17100 5
18100 5
19100 5
20100 6
21100 6
22100 6
23100 71
24100 12
25100 9
26100 9
27100 8
28100 9
29100 9
30100 10
31100 11
32100 11
33100 11
34100 12
35100 13
36100 13
37100 14
38100 14
39100 17
40100 15
41100 17
42100 18
43100 17
44100 18
45100 18
46100 19
47100 22
48100 20
49100 21
50100 23
51100 24
52100 52
53100 25
54100 27
55100 107
56100 29
57100 29
58100 30
59100 30
60100 31
61100 141
62100 35
63100 34
64100 36
65100 36
66100 38
67100 119
68100 41
69100 42
70100 43
71100 44
72100 43
73100 43
74100 45
75100 132
76100 47
77100 50
78100 51
79100 54
80100 53
81100 92
82100 70
83100 55
84100 59
85100 59
86100 59
87100 64
88100 66
89100 67
90100 64
91100 67
92100 70
93100 69
94100 69
95100 77
96100 72
97100 74
98100 78
99100 78
