0 0
10000 37
20000 59
30000 30
40000 24
50000 27
60000 32
70000 41
80000 42
90000 47
100000 54
110000 61
120000 65
130000 70
140000 82
150000 80
160000 86
170000 102
180000 133
190000 111
200000 117
210000 116
220000 123
230000 141
240000 175
250000 159
260000 146
270000 173
280000 176
290000 171
300000 190
310000 174
320000 182
330000 197
340000 210
350000 205
360000 210
370000 207
380000 275
390000 281
400000 287
410000 257
420000 270
430000 273
440000 248
450000 260
460000 266
470000 268
480000 274
490000 283
500000 285
510000 291
520000 293
530000 300
540000 312
550000 348
560000 320
570000 329
580000 332
590000 340
600000 340
610000 344
620000 349
630000 357
640000 374
650000 372
660000 370
670000 377
680000 385
690000 386
700000 392
710000 424
720000 405
730000 413
740000 414
750000 421
760000 428
770000 432
780000 438
790000 444
800000 450
810000 452
820000 472
830000 467
840000 473
850000 477
860000 483
870000 487
880000 492
890000 497
900000 510
910000 512
920000 514
930000 523
940000 540
950000 533
960000 541
970000 550
980000 552
990000 558
1000000 562
1010000 571
