100 0
5100 0
10100 1
15100 2
20100 3
25100 4
30100 6
35100 7
40100 8
45100 9
50100 10
55100 11
60100 12
65100 13
70100 14
75100 15
80100 17
85100 18
90100 18
95100 20
100100 21
105100 22
110100 23
115100 25
120100 26
125100 27
130100 28
135100 29
140100 31
145100 32
150100 33
155100 34
160100 35
165100 37
170100 39
175100 39
180100 40
185100 40
190100 43
195100 44
200100 44
205100 45
210100 46
215100 48
220100 48
225100 50
230100 50
235100 52
240100 53
245100 54
250100 55
255100 57
260100 58
265100 61
270100 61
275100 63
280100 65
285100 67
290100 66
295100 66
300100 70
305100 71
310100 71
315100 72
320100 73
325100 75
330100 77
335100 78
340100 79
345100 77
350100 81
355100 82
360100 85
365100 88
370100 86
375100 88
380100 91
385100 92
390100 92
395100 96
400100 92
405100 96
410100 96
415100 97
420100 99
425100 101
430100 104
435100 105
440100 104
445100 105
450100 109
455100 108
460100 108
465100 110
470100 111
475100 113
480100 114
485100 114
490100 115
495100 117
