100 0
1100 0
2100 0
3100 0
4100 0
5100 0
6100 1
7100 1
8100 1
9100 1
10100 1
11100 2
12100 2
13100 2
14100 2
15100 2
16100 3
17100 3
18100 3
19100 3
20100 3
21100 4
22100 4
23100 4
24100 4
25100 5
26100 5
27100 5
28100 5
29100 5
30100 5
31100 6
32100 6
33100 6
34100 6
35100 7
36100 7
37100 7
38100 7
39100 8
40100 8
41100 8
42100 8
43100 8
44100 9
45100 9
46100 9
47100 9
48100 9
49100 10
50100 10
51100 10
52100 10
53100 10
54100 11
55100 11
56100 11
57100 12
58100 12
59100 12
60100 12
61100 12
62100 12
63100 13
64100 13
65100 13
66100 13
67100 13
68100 13
69100 14
70100 14
71100 15
72100 15
73100 15
74100 15
75100 15
76100 16
77100 16
78100 16
79100 16
80100 16
81100 17
82100 17
83100 17
84100 17
85100 18
86100 18
87100 18
88100 18
89100 19
90100 19
91100 19
92100 20
93100 20
94100 20
95100 20
96100 21
97100 21
98100 20
99100 21
