100 30
9729 3065
19358 7585
28987 12687
38616 16983
48245 19836
57874 25515
67503 29729
77132 33453
86761 38475
96390 41597
106019 48795
115648 48456
125277 54052
134906 62505
144535 70080
154164 69978
163793 73460
173422 76401
183051 73478
192680 80533
202309 93551
211938 94676
221567 96499
231196 103233
240825 105377
250454 106320
260083 108483
269712 111412
279341 109536
288970 116090
298599 116314
308228 118558
317857 124918
327486 125135
337115 150053
346744 139099
356373 142050
366002 143089
375631 143910
385260 154736
394889 152294
404518 159408
414147 161821
423776 166448
433405 169133
443034 173914
452663 176133
462292 181666
471921 181609
481550 188264
491179 196014
500808 198806
510437 200599
520066 203872
529695 213863
539324 212039
548953 219801
558582 222013
568211 223390
577840 227792
587469 227408
597098 238946
606727 234502
616356 245569
625985 249106
635614 258075
645243 261748
654872 267388
664501 265577
674130 271622
683759 279265
693388 269562
703017 285540
712646 285745
722275 287001
731904 289201
741533 301019
751162 299721
760791 312629
770420 308655
780049 315556
789678 318336
799307 329501
808936 331501
818565 322441
828194 341246
837823 344057
847452 343685
857081 350736
866710 358093
876339 351332
885968 360438
895597 362697
905226 360666
914855 374035
924484 369930
934113 378737
943742 392476
953371 383833
