100 22
9729 1293
19358 2668
28987 4046
38616 5526
48245 6944
57874 8378
67503 9907
77132 11475
86761 12877
96390 14302
106019 15843
115648 17238
125277 18890
134906 20466
144535 21965
154164 23534
163793 24830
173422 26526
183051 28745
192680 31016
202309 32434
211938 34229
221567 34543
231196 36269
240825 43529
250454 39280
260083 46046
269712 42321
279341 44522
288970 45613
298599 47699
308228 48601
317857 49904
327486 51448
337115 53100
346744 54958
356373 56593
366002 58123
375631 60238
385260 62100
394889 63038
404518 83872
414147 71035
423776 67165
433405 68815
443034 69923
452663 70179
462292 73603
471921 75533
481550 77219
491179 78882
500808 81316
510437 82849
520066 84620
529695 87562
539324 87749
548953 88429
558582 90546
568211 93009
577840 92234
587469 102814
597098 96880
606727 97731
616356 99484
625985 100053
635614 102635
645243 104631
654872 104363
664501 107863
674130 109170
683759 109184
693388 110077
703017 111126
712646 115049
722275 117130
731904 115494
741533 120046
751162 118983
760791 123860
770420 121957
780049 125666
789678 127933
799307 129024
808936 131157
818565 132910
828194 133756
837823 137332
847452 138741
857081 140505
866710 142555
876339 142880
885968 155027
895597 255513
905226 182754
914855 236183
924484 338609
934113 386369
943742 445162
953371 496839
