100 36
200 43
300 68
400 86
500 113
600 130
700 153
800 174
900 200
1000 227
1100 248
1200 272
1300 294
1400 314
1500 339
1600 374
1700 386
1800 413
1900 431
2000 460
2100 484
2200 513
2300 546
2400 563
2500 578
2600 604
2700 633
2800 678
2900 702
3000 747
3100 763
3200 844
3300 786
3400 802
3500 828
3600 877
3700 881
3800 907
3900 899
4000 965
4100 1010
4200 1013
4300 1110
4400 1541
4500 1555
4600 1158
4700 1097
4800 1180
4900 1148
5000 1204
5100 1188
5200 1366
5300 1326
5400 1271
5500 1337
5600 1395
5700 1502
5800 1479
5900 1483
6000 1427
6100 1537
6200 1729
6300 2457
6400 1615
6500 1622
6600 1566
6700 1649
6800 1613
6900 1807
7000 1660
7100 1735
7200 1701
7300 1778
7400 1808
7500 2321
7600 1971
7700 1846
7800 2072
7900 2090
8000 1915
8100 1984
8200 2003
8300 2197
8400 2081
8500 2109
8600 2078
8700 2673
8800 2309
8900 2168
9000 2370
9100 2343
9200 2261
9300 2253
9400 2328
9500 2362
9600 2371
9700 2396
9800 2775
9900 2456
10000 2558
