100 17
1100 138
2100 261
3100 388
4100 518
5100 646
6100 778
7100 914
8100 1053
9100 1214
10100 1335
11100 1479
12100 1604
13100 1774
14100 1880
15100 2047
16100 2192
17100 2324
18100 2484
19100 2614
20100 2749
21100 2893
22100 3058
23100 3178
24100 3344
25100 3475
26100 3628
27100 3784
28100 3901
29100 4042
30100 4211
31100 4382
32100 4504
33100 4641
34100 4819
35100 4986
36100 5140
37100 5261
38100 5417
39100 5556
40100 5703
41100 5823
42100 5981
43100 6134
44100 6315
45100 6447
46100 6605
47100 6726
48100 6892
49100 7018
50100 7238
51100 7410
52100 7612
53100 8011
54100 7856
55100 7972
56100 8163
57100 8303
58100 8473
59100 8630
60100 8809
61100 9006
62100 9138
63100 9273
64100 9427
65100 9560
66100 9738
67100 9931
68100 10080
69100 10256
70100 10545
71100 10959
72100 10783
73100 11271
74100 11981
75100 11322
76100 11416
77100 11731
78100 11742
79100 12190
80100 12402
81100 12875
82100 12297
83100 12476
84100 12406
85100 12989
86100 13709
87100 13506
88100 13403
89100 13545
90100 13665
91100 13695
92100 13964
93100 14440
94100 14197
95100 14478
96100 15763
97100 14520
98100 14668
99100 15326
