100 25
5100 668
10100 1453
15100 2282
20100 2959
25100 3621
30100 4539
35100 5402
40100 6013
45100 6774
50100 7634
55100 8343
60100 9198
65100 9653
70100 10545
75100 11445
80100 12253
85100 13654
90100 13847
95100 15627
100100 16468
105100 17260
110100 18630
115100 19395
120100 20383
125100 21093
130100 22452
135100 20680
140100 21790
145100 22460
150100 23875
155100 24369
160100 24832
165100 26328
170100 26914
175100 28962
180100 29332
185100 29765
190100 30334
195100 30315
200100 30918
205100 32243
210100 33254
215100 37187
220100 35850
225100 35536
230100 35728
235100 37292
240100 37391
245100 38216
250100 39023
255100 40006
260100 42679
265100 42621
270100 43426
275100 43769
280100 44548
285100 45287
290100 45633
295100 46258
300100 47233
305100 49539
310100 61925
315100 50127
320100 59554
325100 59778
330100 60244
335100 62365
340100 54135
345100 54980
350100 55671
355100 55952
360100 56925
365100 58006
370100 58990
375100 59882
380100 65743
385100 64611
390100 65166
395100 65950
400100 65406
405100 65559
410100 65463
415100 66194
420100 66969
425100 68129
430100 68372
435100 69034
440100 68953
445100 77703
450100 74781
455100 75438
460100 76348
465100 101363
470100 74657
475100 75455
480100 76418
485100 75925
490100 77491
495100 79300
