100 40
200 28
300 75
400 62
500 69
600 74
700 69
800 82
900 94
1000 104
1100 112
1200 165
1300 130
1400 147
1500 156
1600 166
1700 176
1800 185
1900 193
2000 208
2100 219
2200 235
2300 243
2400 290
2500 267
2600 277
2700 287
2800 293
2900 307
3000 321
3100 327
3200 380
3300 393
3400 361
3500 376
3600 389
3700 411
3800 573
3900 577
4000 464
4100 475
4200 520
4300 512
4400 495
4500 499
4600 509
4700 522
4800 561
4900 537
5000 545
5100 562
5200 566
5300 588
5400 633
5500 694
5600 690
5700 634
5800 631
5900 665
6000 734
6100 690
6200 698
6300 706
6400 761
6500 768
6600 843
6700 793
6800 759
6900 825
7000 1063
7100 865
7200 924
7300 992
7400 911
7500 938
7600 1125
7700 885
7800 982
7900 901
8000 944
8100 1136
8200 938
8300 958
8400 964
8500 951
8600 1055
8700 973
8800 1028
8900 1053
9000 1106
9100 1182
9200 1382
9300 1169
9400 1083
9500 1116
9600 1112
9700 1104
9800 1338
9900 1155
10000 1252
