1000 81
2000 166
3000 249
4000 369
5000 464
6000 513
7000 486
8000 584
9000 646
10000 868
11000 813
12000 880
13000 944
14000 1046
15000 1215
16000 1168
17000 1259
18000 1340
19000 1438
20000 1500
21000 1591
22000 1793
23000 1721
24000 1815
25000 1920
26000 1987
27000 2052
28000 2127
29000 2247
30000 2581
31000 2668
32000 2458
33000 2646
34000 2737
35000 2727
36000 3072
37000 2931
38000 2969
39000 3301
40000 3173
41000 3313
42000 3512
43000 3650
44000 3565
45000 3494
46000 3900
47000 4030
48000 4071
49000 3968
50000 4058
51000 4163
52000 4159
53000 4224
54000 4447
55000 4431
56000 4710
57000 4663
58000 4724
59000 4811
60000 4845
61000 4956
62000 5230
63000 5399
64000 5471
65000 5569
66000 5576
67000 5418
68000 5768
69000 5967
70000 6771
71000 6150
72000 6138
73000 6244
74000 6320
75000 6462
76000 6457
77000 6594
78000 6685
79000 6574
80000 6622
81000 6643
82000 6966
83000 6826
84000 6991
85000 6931
86000 7234
87000 7163
88000 7144
89000 7406
90000 7522
91000 7487
92000 7695
93000 7675
94000 7830
95000 7833
96000 7957
97000 8491
98000 8601
99000 8678
100000 8919
