100 0
9729 0
19358 1
28987 2
38616 3
48245 3
57874 4
67503 5
77132 6
86761 7
96390 8
106019 9
115648 10
125277 10
134906 11
144535 12
154164 13
163793 14
173422 15
183051 16
192680 17
202309 18
211938 18
221567 19
231196 20
240825 21
250454 22
260083 23
269712 24
279341 25
288970 25
298599 26
308228 27
317857 29
327486 29
337115 30
346744 31
356373 32
366002 33
375631 35
385260 37
394889 36
404518 37
414147 42
423776 41
433405 40
443034 41
452663 42
462292 43
471921 43
481550 44
491179 46
500808 46
510437 47
520066 47
529695 49
539324 50
548953 51
558582 52
568211 53
577840 54
587469 54
597098 55
606727 56
616356 58
625985 58
635614 60
645243 60
654872 60
664501 63
674130 63
683759 65
693388 66
703017 66
712646 67
722275 68
731904 69
741533 70
751162 71
760791 70
770420 72
780049 75
789678 74
799307 73
808936 75
818565 92
828194 82
837823 80
847452 80
857081 81
866710 83
876339 84
885968 85
895597 86
905226 88
914855 87
924484 88
934113 90
943742 90
953371 93
