5000 372
10000 728
15000 1127
20000 1544
25000 2445
30000 2476
35000 2802
40000 3234
45000 3720
50000 4057
55000 4565
60000 4994
65000 5497
70000 5950
75000 6224
80000 6744
85000 7135
90000 7643
95000 7979
100000 8714
105000 9182
110000 9401
115000 9782
120000 10503
125000 10759
130000 11225
135000 11607
140000 12241
145000 12504
150000 13036
155000 13617
160000 13927
165000 14302
170000 14645
175000 15131
180000 15693
185000 16509
190000 16934
195000 16956
200000 17358
205000 18248
210000 18354
215000 18946
220000 19425
225000 19940
230000 23346
235000 21145
240000 21497
245000 21910
250000 22337
255000 22557
260000 23081
265000 23416
270000 24295
275000 24717
280000 24724
285000 25768
290000 25775
295000 26885
300000 27199
305000 27108
310000 27752
315000 28034
320000 28706
325000 29484
330000 29417
335000 30401
340000 30636
345000 31121
350000 31701
355000 31765
360000 32918
365000 33105
370000 33534
375000 33663
380000 34461
385000 35372
390000 34856
395000 36154
400000 36402
405000 36776
410000 37371
415000 45542
420000 40733
425000 38791
430000 39051
435000 39420
440000 39851
445000 40260
450000 40581
455000 41919
460000 41661
465000 43041
470000 42464
475000 42754
480000 44014
485000 44126
490000 44482
495000 45484
500000 45803
