100 36
9729 852
19358 2228
28987 3129
38616 3543
48245 4569
57874 5822
67503 6655
77132 7861
86761 9083
96390 9972
106019 10875
115648 11840
125277 13036
134906 14180
144535 14989
154164 16224
163793 17456
173422 18766
183051 19901
192680 20742
202309 22332
211938 23254
221567 24179
231196 25594
240825 26445
250454 27872
260083 28728
269712 30123
279341 33101
288970 34152
298599 33582
308228 34513
317857 34996
327486 37367
337115 38184
346744 38642
356373 40188
366002 41204
375631 43053
385260 43894
394889 45467
404518 45630
414147 46739
423776 48204
433405 49361
443034 50921
452663 52361
462292 54186
471921 54734
481550 56101
491179 56783
500808 57427
510437 59806
520066 60224
529695 66575
539324 62542
548953 64276
558582 64561
568211 65255
577840 68179
587469 69585
597098 68249
606727 68099
616356 69410
625985 74751
635614 74542
645243 75991
654872 77669
664501 77970
674130 78549
683759 81166
693388 82198
703017 82096
712646 81209
722275 82246
731904 83452
741533 83878
751162 84879
760791 86714
770420 88367
780049 88480
789678 89109
799307 92359
808936 92203
818565 93801
828194 94607
837823 95528
847452 97201
857081 98928
866710 100608
876339 99615
885968 100819
895597 103450
905226 103068
914855 105397
924484 105632
934113 106383
943742 108598
953371 109935
